Pattern_Amp_CH-1	Pattern_Amp_CH-2	Pattern_Amp_CH-3
0.598766	0.150018	0.251217
0.598777	0.150183	0.25104
0.598827	0.15033	0.250843
0.598898	0.150464	0.250638
0.598971	0.15059	0.250438
0.599039	0.150711	0.25025
0.599102	0.150826	0.250072
0.599157	0.150941	0.249902
0.599198	0.151064	0.249737
0.59924	0.151186	0.249574
0.599292	0.151293	0.249415
0.599352	0.151378	0.24927
0.599414	0.151444	0.249142
0.599468	0.151506	0.249027
0.599505	0.151587	0.248907
0.59952	0.151704	0.248776
0.599518	0.151841	0.248641
0.59951	0.151977	0.248513
0.599503	0.152102	0.248395
0.599502	0.152214	0.248284
0.5995	0.152322	0.248178
0.599479	0.152444	0.248077
0.599429	0.152591	0.24798
0.599361	0.152753	0.247885
0.599285	0.152922	0.247793
0.599207	0.15309	0.247703
0.599132	0.15325	0.247618
0.599068	0.153397	0.247535
0.599015	0.15353	0.247455
0.598971	0.153651	0.247378
0.598927	0.153766	0.247307
0.598879	0.15388	0.247241
0.598832	0.153991	0.247177
0.598793	0.154091	0.247117
0.598762	0.154177	0.247061
0.598736	0.154252	0.247012
0.598711	0.154321	0.246968
0.598681	0.154389	0.24693
0.598643	0.154457	0.2469
0.598604	0.154523	0.246873
0.59857	0.154585	0.246846
0.598548	0.154636	0.246816
0.59854	0.154674	0.246786
0.598537	0.154701	0.246762
0.598535	0.154716	0.246749
0.598531	0.154722	0.246747
0.598516	0.154733	0.246751
0.598486	0.154759	0.246755
0.598443	0.154795	0.246761
0.598386	0.154842	0.246773
0.598316	0.154904	0.24678
0.59824	0.154988	0.246773
0.59817	0.155079	0.246751
0.598127	0.155157	0.246716
0.598122	0.155213	0.246666
0.598151	0.155248	0.246601
0.598199	0.15527	0.24653
0.598255	0.155284	0.246461
0.59832	0.155291	0.246389
0.598401	0.155289	0.24631
0.598508	0.155271	0.246221
0.598643	0.155232	0.246125
0.598785	0.155185	0.24603
0.598913	0.155132	0.245955
0.599025	0.155069	0.245906
0.599123	0.155005	0.245872
0.59922	0.154943	0.245837
0.599333	0.154869	0.245798
0.599461	0.154778	0.245761
0.59959	0.154676	0.245734
0.59969	0.154594	0.245716
0.599737	0.154569	0.245695
0.599728	0.154605	0.245667
0.59969	0.15467	0.245639
0.599649	0.154741	0.245611
0.599601	0.154823	0.245576
0.59955	0.154921	0.24553
0.599509	0.155027	0.245464
0.599481	0.155143	0.245377
0.599449	0.155273	0.245277
0.599406	0.155417	0.245176
0.599352	0.155572	0.245076
0.599286	0.15574	0.244974
0.599204	0.155929	0.244868
0.599097	0.156136	0.244766
0.598974	0.156347	0.244679
0.598849	0.156547	0.244604
0.59873	0.15673	0.244539
0.598621	0.156897	0.244482
0.598524	0.157049	0.244427
0.598428	0.157187	0.244385
0.598315	0.157305	0.24438
0.598183	0.157407	0.24441
0.598044	0.157498	0.244457
0.597901	0.157583	0.244516
0.597748	0.157668	0.244585
0.597586	0.157757	0.244657
0.597419	0.157854	0.244727
0.597245	0.157958	0.244797
0.597063	0.158063	0.244875
0.59688	0.158161	0.244959
0.596706	0.158247	0.245047
0.596544	0.158327	0.245129
0.5964	0.158401	0.245199
0.596295	0.158455	0.24525
0.596234	0.158482	0.245284
0.596206	0.158488	0.245306
0.596206	0.158478	0.245316
0.596244	0.158448	0.245308
0.596323	0.158396	0.245282
0.596444	0.158316	0.24524
0.596603	0.158211	0.245186
0.59679	0.158088	0.245122
0.596994	0.157954	0.245053
0.597205	0.157813	0.244982
0.597415	0.157671	0.244914
0.597619	0.157529	0.244851
0.597817	0.15739	0.244793
0.598001	0.157264	0.244734
0.59817	0.15716	0.244671
0.598322	0.157074	0.244604
0.598458	0.157006	0.244537
0.598582	0.156949	0.244469
0.598709	0.156891	0.2444
0.598844	0.156821	0.244335
0.598983	0.156735	0.244282
0.599123	0.156636	0.244241
0.599263	0.156533	0.244203
0.599391	0.156442	0.244167
0.599497	0.15637	0.244133
0.599587	0.156312	0.244101
0.599678	0.156255	0.244067
0.599776	0.156191	0.244033
0.599867	0.156129	0.244004
0.599945	0.156074	0.243981
0.600019	0.156026	0.243954
0.600099	0.155985	0.243916
0.60019	0.155941	0.243869
0.600293	0.155885	0.243822
0.600403	0.155814	0.243783
0.600531	0.15572	0.243749
0.600685	0.155606	0.243709
0.600858	0.155476	0.243666
0.60104	0.155335	0.243625
0.601231	0.155183	0.243586
0.601437	0.155017	0.243546
0.60166	0.154835	0.243505
0.601901	0.154636	0.243463
0.602163	0.154419	0.243418
0.602438	0.154187	0.243375
0.602707	0.153957	0.243336
0.602955	0.153752	0.243293
0.603172	0.153592	0.243236
0.603369	0.153469	0.243163
0.60356	0.153358	0.243081
0.603751	0.15325	0.242999
0.60394	0.153144	0.242916
0.60413	0.153035	0.242836
0.604315	0.152917	0.242768
0.604481	0.152797	0.242721
0.604609	0.152691	0.2427
0.604694	0.152602	0.242704
0.604753	0.15252	0.242727
0.604784	0.152437	0.242778
0.604776	0.152357	0.242867
0.604738	0.152276	0.242986
0.604683	0.152196	0.243121
0.604617	0.152116	0.243267
0.604548	0.152028	0.243425
0.604493	0.15192	0.243587
0.604466	0.151791	0.243744
0.604467	0.151649	0.243884
0.604488	0.151501	0.244011
0.604517	0.15135	0.244132
0.604548	0.151209	0.244244
0.604584	0.151076	0.244339
0.604635	0.150949	0.244416
0.6047	0.150825	0.244476
0.604777	0.1507	0.244523
0.604864	0.150568	0.244568
0.604955	0.150429	0.244616
0.60504	0.150295	0.244665
0.605112	0.150175	0.244713
0.605163	0.150073	0.244764
0.605194	0.149987	0.244819
0.60522	0.149905	0.244875
0.605249	0.149819	0.244932
0.605277	0.149731	0.244992
0.605302	0.149642	0.245056
0.605328	0.149545	0.245127
0.605357	0.149434	0.245209
0.60539	0.149307	0.245303
0.605429	0.149169	0.245402
0.605474	0.149024	0.245502
0.605524	0.148876	0.2456
0.605579	0.148737	0.245684
0.605636	0.148615	0.245749
0.605694	0.148503	0.245803
0.605752	0.148399	0.24585
0.605814	0.148303	0.245883
0.605886	0.148208	0.245906
0.605965	0.148106	0.245929
0.606047	0.147992	0.245961
0.606129	0.147867	0.246004
0.606211	0.147734	0.246056
0.606289	0.147598	0.246113
0.606359	0.147461	0.24618
0.606422	0.147324	0.246255
0.606487	0.147182	0.246332
0.606565	0.147028	0.246407
0.606652	0.14686	0.246488
0.606736	0.146683	0.246581
0.60681	0.146507	0.246683
0.606874	0.146337	0.24679
0.606928	0.14617	0.246902
0.606977	0.146	0.247023
0.607021	0.145832	0.247148
0.607055	0.145672	0.247273
0.607079	0.145521	0.2474
0.607097	0.145367	0.247536
0.607116	0.1452	0.247685
0.607134	0.145024	0.247842
0.607146	0.14485	0.248004
0.607144	0.144679	0.248177
0.607129	0.144503	0.248368
0.607111	0.144318	0.248572
0.607088	0.144129	0.248783
0.607049	0.143955	0.248995
0.606981	0.143816	0.249203
0.606879	0.143715	0.249406
0.606746	0.143644	0.24961
0.606582	0.143592	0.249825
0.60639	0.143559	0.250052
0.606178	0.143536	0.250286
0.605958	0.143518	0.250524
0.605728	0.143515	0.250758
0.605477	0.143543	0.250979
0.605195	0.143617	0.251188
0.604886	0.143717	0.251397
0.604564	0.143809	0.251626
0.604239	0.143886	0.251875
0.603914	0.14396	0.252126
0.603596	0.14403	0.252374
0.603281	0.144096	0.252623
0.602959	0.144167	0.252875
0.602626	0.144243	0.253131
0.602287	0.144315	0.253398
0.601944	0.144386	0.253669
0.601599	0.144461	0.25394
0.601258	0.144538	0.254204
0.600932	0.144608	0.25446
0.600631	0.144666	0.254702
0.600349	0.144727	0.254924
0.600063	0.144799	0.255138
0.599768	0.144876	0.255357
0.599464	0.144961	0.255575
0.599156	0.145058	0.255786
0.598857	0.145158	0.255986
0.598579	0.145252	0.256168
0.598321	0.145341	0.256338
0.598072	0.145421	0.256507
0.597821	0.145501	0.256678
0.597555	0.145601	0.256844
0.597272	0.145738	0.25699
0.596976	0.145908	0.257116
0.596673	0.146093	0.257235
0.596364	0.146278	0.257358
0.596053	0.146456	0.257492
0.595755	0.146615	0.25763
0.595475	0.146758	0.257767
0.5952	0.146896	0.257904
0.594926	0.147033	0.258041
0.594648	0.147162	0.258191
0.594357	0.147285	0.258359
0.594064	0.147397	0.258539
0.593783	0.147493	0.258724
0.593511	0.14757	0.258918
0.593246	0.14763	0.259124
0.592993	0.147674	0.259333
0.592756	0.147705	0.259539
0.592528	0.147726	0.259746
0.592306	0.147737	0.259957
0.592093	0.147735	0.260172
0.591899	0.147713	0.260388
0.59173	0.147672	0.260598
0.591589	0.147612	0.260799
0.591472	0.147534	0.260994
0.591367	0.147441	0.261192
0.591264	0.147337	0.261399
0.59117	0.147219	0.261611
0.59109	0.147088	0.261822
0.591027	0.146944	0.262029
0.590977	0.146797	0.262226
0.590929	0.14666	0.262411
0.590873	0.146546	0.262581
0.590809	0.146456	0.262735
0.590732	0.146386	0.262882
0.590643	0.146327	0.26303
0.590552	0.146273	0.263175
0.59047	0.146217	0.263312
0.590387	0.146168	0.263444
0.590293	0.146134	0.263573
0.590194	0.146105	0.263701
0.590102	0.146065	0.263833
0.590021	0.146011	0.263969
0.589949	0.145944	0.264107
0.58988	0.145866	0.264254
0.589806	0.145778	0.264416
0.589729	0.145684	0.264588
0.589669	0.145578	0.264753
0.589644	0.145455	0.264901
0.589644	0.145313	0.265043
0.58965	0.145153	0.265197
0.589653	0.144978	0.265369
0.589651	0.1448	0.265549
0.589646	0.144625	0.265729
0.589642	0.14445	0.265908
0.589647	0.144261	0.266092
0.589677	0.144054	0.26627
0.589738	0.14384	0.266422
0.589808	0.143642	0.26655
0.589869	0.143471	0.26666
0.589933	0.143312	0.266755
0.590022	0.143149	0.266829
0.590145	0.142973	0.266882
0.590292	0.142783	0.266925
0.590447	0.142584	0.266969
0.590608	0.142374	0.267018
0.590776	0.142153	0.267071
0.59095	0.141927	0.267123
0.591125	0.141697	0.267177
0.591299	0.141464	0.267238
0.591467	0.141225	0.267308
0.591627	0.140986	0.267387
0.591782	0.140744	0.267474
0.591941	0.140493	0.267565
0.592113	0.140233	0.267654
0.592297	0.139966	0.267736
0.592492	0.139695	0.267814
0.59269	0.139417	0.267893
0.592884	0.139135	0.267981
0.593071	0.138853	0.268076
0.593253	0.138577	0.26817
0.593426	0.138313	0.26826
0.593591	0.138061	0.268348
0.593759	0.137804	0.268438
0.593936	0.137536	0.268528
0.59412	0.137263	0.268617
0.594306	0.136984	0.26871
0.594486	0.136699	0.268814
0.594652	0.136422	0.268926
0.594799	0.136167	0.269034
0.594933	0.135936	0.269131
0.595071	0.135718	0.269211
0.595231	0.135497	0.269272
0.595395	0.135278	0.269328
0.595544	0.135062	0.269394
0.595683	0.134842	0.269475
0.59583	0.134613	0.269557
0.595992	0.134381	0.269627
0.596165	0.134149	0.269686
0.596342	0.133915	0.269743
0.596519	0.133674	0.269807
0.596695	0.133428	0.269877
0.596865	0.133185	0.269949
0.597026	0.132952	0.270022
0.597178	0.132727	0.270095
0.597327	0.132499	0.270174
0.597477	0.132268	0.270256
0.597627	0.132037	0.270335
0.597776	0.131812	0.270412
0.597923	0.131592	0.270485
0.598067	0.131375	0.270558
0.598215	0.131153	0.270633
0.598369	0.130926	0.270705
0.598532	0.130693	0.270775
0.598703	0.130446	0.270851
0.598879	0.130185	0.270936
0.599057	0.129914	0.271029
0.599229	0.129637	0.271134
0.599397	0.129358	0.271245
0.599569	0.129075	0.271356
0.599747	0.128783	0.271471
0.59993	0.128485	0.271585
0.60012	0.128186	0.271694
0.600307	0.127889	0.271804
0.600499	0.127587	0.271914
0.600703	0.127276	0.272021
0.600911	0.126966	0.272123
0.601123	0.126654	0.272222
0.601344	0.126335	0.272321
0.601563	0.126013	0.272425
0.60177	0.125685	0.272545
0.601977	0.125343	0.272679
0.602184	0.124991	0.272824
0.602374	0.124641	0.272985
0.602541	0.124297	0.273162
0.602708	0.123951	0.273341
0.602893	0.123595	0.273513
0.603097	0.123227	0.273677
0.603314	0.122848	0.273838
0.603539	0.122459	0.274002
0.603766	0.122061	0.274173
0.603991	0.121656	0.274353
0.604215	0.121247	0.274538
0.604442	0.120831	0.274727
0.604675	0.120403	0.274922
0.604911	0.119963	0.275125
0.605146	0.11952	0.275334
0.605377	0.119084	0.275539
0.605601	0.118661	0.275738
0.605818	0.11825	0.275932
0.606037	0.117841	0.276121
0.606265	0.117434	0.2763
0.606485	0.117049	0.276466
0.606673	0.116714	0.276614
0.606819	0.116436	0.276746
0.606939	0.116195	0.276866
0.607048	0.115974	0.276978
0.607149	0.115767	0.277084
0.607242	0.11557	0.277189
0.607325	0.11538	0.277294
0.607397	0.1152	0.277404
0.607456	0.115022	0.277523
0.607501	0.114851	0.277648
0.607537	0.114694	0.277769
0.607567	0.114552	0.277881
0.607592	0.114419	0.277989
0.607613	0.114287	0.2781
0.607625	0.114156	0.278219
0.607618	0.114039	0.278343
0.607594	0.113941	0.278466
0.607561	0.113852	0.278587
0.607522	0.113763	0.278715
0.607462	0.11369	0.278848
0.607375	0.113646	0.27898
0.607267	0.113625	0.279108
0.607143	0.113623	0.279233
0.607002	0.113636	0.279362
0.60685	0.113655	0.279495
0.606694	0.113675	0.279631
0.60654	0.113689	0.279771
0.606386	0.113695	0.279919
0.606221	0.113705	0.280075
0.606038	0.113729	0.280234
0.605841	0.113762	0.280397
0.605644	0.113793	0.280563
0.605463	0.113811	0.280726
0.605299	0.113814	0.280888
0.605135	0.113809	0.281057
0.604974	0.113798	0.281227
0.604849	0.113774	0.281377
0.60479	0.113724	0.281486
0.604805	0.113644	0.281551
0.60489	0.113534	0.281576
0.605032	0.113399	0.28157
0.605214	0.113244	0.281542
0.605419	0.113073	0.281508
0.605629	0.11289	0.281481
0.605832	0.112707	0.281461
0.606021	0.112535	0.281444
0.60619	0.112384	0.281426
0.60634	0.112261	0.281399
0.60648	0.112169	0.281351
0.606628	0.11209	0.281281
0.606793	0.112008	0.281199
0.606963	0.111928	0.281109
0.607125	0.111859	0.281017
0.607279	0.111798	0.280923
0.607431	0.111742	0.280827
0.607577	0.111694	0.280729
0.607709	0.111659	0.280632
0.607818	0.11165	0.280532
0.607897	0.11168	0.280423
0.607948	0.111743	0.280309
0.607989	0.111814	0.280197
0.60804	0.111872	0.280088
0.608098	0.111916	0.279986
0.608145	0.111952	0.279904
0.608175	0.111991	0.279834
0.608186	0.112048	0.279766
0.608169	0.112122	0.279709
0.608125	0.112206	0.279669
0.608062	0.112307	0.279631
0.607981	0.112436	0.279583
0.607891	0.112576	0.279533
0.607802	0.11271	0.279488
0.60772	0.112833	0.279447
0.607645	0.112949	0.279406
0.607584	0.113052	0.279364
0.607537	0.113138	0.279325
0.607507	0.113204	0.279289
0.60749	0.113252	0.279258
0.60748	0.11329	0.279229
0.607468	0.113328	0.279204
0.607453	0.113367	0.27918
0.607445	0.113399	0.279156
0.607444	0.113426	0.27913
0.607443	0.11345	0.279106
0.607444	0.113465	0.279091
0.440321	0.497684	0.0619955
0.440088	0.497895	0.0620167
0.439847	0.498113	0.0620395
0.439601	0.498338	0.0620617
0.439352	0.498565	0.0620831
0.439104	0.498792	0.0621046
0.438856	0.499016	0.0621283
0.438604	0.499241	0.062155
0.438346	0.499472	0.0621823
0.438077	0.499715	0.0622073
0.437792	0.499979	0.0622289
0.437493	0.500258	0.0622491
0.437186	0.500545	0.0622699
0.436874	0.500834	0.0622914
0.436567	0.501121	0.0623119
0.436276	0.501394	0.0623297
0.436005	0.501651	0.0623442
0.435749	0.501895	0.0623565
0.435506	0.502125	0.0623688
0.435267	0.502351	0.0623817
0.435022	0.502584	0.0623938
0.434777	0.50282	0.0624034
0.434545	0.503045	0.0624103
0.434333	0.503251	0.0624159
0.43414	0.503439	0.0624209
0.433957	0.503618	0.0624252
0.433777	0.503794	0.0624285
0.433601	0.50397	0.0624296
0.433431	0.504141	0.0624273
0.433276	0.504301	0.0624226
0.433136	0.504446	0.0624176
0.433008	0.504579	0.0624134
0.432887	0.504703	0.0624094
0.432776	0.50482	0.0624048
0.432673	0.504928	0.0623992
0.432577	0.50503	0.062393
0.432482	0.505131	0.0623872
0.432389	0.505228	0.0623824
0.432302	0.50532	0.0623782
0.432217	0.505409	0.062374
0.432135	0.505495	0.0623698
0.432059	0.505576	0.062365
0.431992	0.505649	0.0623588
0.431931	0.505718	0.062351
0.431877	0.505781	0.0623415
0.431832	0.505838	0.0623297
0.431795	0.50589	0.0623147
0.431765	0.505938	0.0622973
0.431742	0.505979	0.0622792
0.431724	0.506015	0.0622608
0.431707	0.506051	0.0622421
0.431688	0.506089	0.0622232
0.431666	0.506129	0.062205
0.431645	0.506167	0.0621883
0.431622	0.506202	0.0621763
0.431594	0.506231	0.0621742
0.431559	0.506254	0.0621865
0.431516	0.50627	0.0622137
0.431466	0.506281	0.062253
0.431408	0.506293	0.0622995
0.431341	0.506309	0.0623499
0.431267	0.506327	0.0624063
0.431186	0.50634	0.0624744
0.431099	0.506342	0.0625584
0.43101	0.50633	0.0626602
0.430916	0.506305	0.0627791
0.430817	0.506269	0.0629137
0.430715	0.506223	0.0630617
0.430609	0.506173	0.0632178
0.430497	0.506126	0.0633761
0.430383	0.506085	0.0635325
0.430271	0.506044	0.0636854
0.430163	0.506002	0.0638352
0.43005	0.505968	0.063982
0.429914	0.505962	0.0641244
0.429733	0.506008	0.0642597
0.429492	0.506123	0.0643856
0.429213	0.506283	0.0645047
0.428909	0.506473	0.0646185
0.428551	0.506729	0.0647208
0.428135	0.507054	0.0648111
0.427693	0.507411	0.0648964
0.427236	0.507783	0.064981
0.426768	0.508167	0.0650658
0.42628	0.508571	0.0651497
0.425772	0.508997	0.0652313
0.425264	0.509425	0.0653112
0.42477	0.509841	0.0653895
0.424292	0.510241	0.0654669
0.423825	0.51063	0.0655452
0.423362	0.511013	0.0656247
0.42291	0.511386	0.0657038
0.422476	0.511743	0.0657812
0.422063	0.51208	0.0658576
0.421663	0.512402	0.0659349
0.421268	0.512718	0.066014
0.420878	0.513028	0.0660939
0.420503	0.513324	0.066173
0.420147	0.513603	0.0662499
0.419808	0.513868	0.0663235
0.419478	0.514127	0.0663949
0.41915	0.514385	0.0664654
0.418817	0.514647	0.0665353
0.418483	0.514913	0.0666039
0.418145	0.515184	0.0666705
0.417799	0.515466	0.0667345
0.417444	0.515759	0.0667963
0.417088	0.516056	0.0668563
0.416729	0.516357	0.0669141
0.416363	0.516668	0.0669699
0.415991	0.516984	0.0670246
0.415616	0.517306	0.067078
0.415245	0.517627	0.0671286
0.414899	0.517927	0.0671743
0.414587	0.5182	0.0672134
0.414299	0.518454	0.0672471
0.414024	0.518698	0.0672784
0.413749	0.518942	0.067309
0.413474	0.519187	0.067339
0.413202	0.51943	0.0673682
0.412938	0.519666	0.0673966
0.412688	0.519888	0.0674239
0.412457	0.520093	0.0674499
0.41225	0.520276	0.0674747
0.412063	0.520439	0.0674983
0.411889	0.52059	0.0675212
0.411722	0.520733	0.0675452
0.411569	0.52086	0.0675708
0.411441	0.520962	0.067597
0.411334	0.521042	0.067624
0.411237	0.521111	0.0676528
0.411143	0.521174	0.0676832
0.411053	0.521232	0.0677147
0.410977	0.521277	0.0677462
0.410924	0.5213	0.0677764
0.41089	0.521305	0.0678046
0.410867	0.5213	0.0678325
0.410847	0.521289	0.067864
0.41083	0.521269	0.0679011
0.410818	0.521241	0.0679418
0.410813	0.521204	0.0679829
0.41081	0.521166	0.0680242
0.410799	0.521134	0.0680674
0.410784	0.521102	0.0681141
0.410773	0.521062	0.0681649
0.410766	0.521014	0.0682199
0.410761	0.520961	0.0682777
0.410764	0.5209	0.0683359
0.41078	0.520827	0.0683929
0.410804	0.520746	0.0684503
0.410828	0.520661	0.0685115
0.410847	0.520575	0.0685782
0.410867	0.520486	0.0686477
0.410893	0.520389	0.0687188
0.410926	0.520281	0.0687937
0.410968	0.520156	0.0688759
0.411016	0.520018	0.0689666
0.411062	0.519874	0.0690646
0.411103	0.519731	0.0691665
0.411135	0.519598	0.0692665
0.411154	0.519484	0.0693614
0.411163	0.519384	0.0694535
0.411176	0.51928	0.0695448
0.411205	0.51916	0.0696352
0.411254	0.51902	0.0697262
0.411319	0.518859	0.0698219
0.411389	0.518686	0.0699254
0.411445	0.518519	0.070036
0.411485	0.518365	0.0701502
0.41151	0.518225	0.070265
0.411513	0.518108	0.0703795
0.411494	0.518012	0.0704941
0.411464	0.517927	0.0706083
0.411425	0.517856	0.0707194
0.411364	0.51781	0.0708261
0.411288	0.517785	0.0709269
0.411215	0.517766	0.0710187
0.411156	0.517741	0.0711029
0.411104	0.517711	0.0711853
0.411049	0.517682	0.0712688
0.410988	0.517659	0.0713528
0.41092	0.517642	0.0714384
0.410846	0.517627	0.0715272
0.410766	0.517615	0.0716186
0.410679	0.517612	0.0717084
0.410581	0.517625	0.0717947
0.410469	0.517652	0.0718794
0.41035	0.517686	0.0719641
0.410226	0.517725	0.0720491
0.410095	0.517771	0.0721339
0.409962	0.51782	0.0722174
0.409848	0.517855	0.0722963
0.40976	0.517873	0.0723676
0.40968	0.517889	0.0724317
0.409599	0.51791	0.0724909
0.409532	0.517923	0.0725451
0.409498	0.517908	0.0725937
0.409507	0.517858	0.0726351
0.409552	0.51778	0.0726678
0.409617	0.517688	0.0726944
0.409689	0.517593	0.0727188
0.409765	0.517493	0.0727429
0.409853	0.51738	0.0727666
0.409953	0.517259	0.0727884
0.410056	0.517135	0.0728092
0.410163	0.517005	0.0728317
0.410278	0.516866	0.0728564
0.410405	0.516714	0.072881
0.410545	0.516551	0.072904
0.410694	0.51638	0.0729257
0.410847	0.516204	0.0729494
0.410995	0.516026	0.0729791
0.411136	0.515846	0.0730181
0.411269	0.515664	0.0730666
0.411397	0.515481	0.0731217
0.411526	0.515295	0.0731785
0.411659	0.515107	0.073234
0.411789	0.514924	0.0732872
0.411917	0.514745	0.0733381
0.412051	0.514561	0.0733871
0.412201	0.514365	0.0734337
0.412367	0.514155	0.0734782
0.412537	0.513939	0.0735246
0.412701	0.513721	0.0735772
0.412857	0.513506	0.0736376
0.413003	0.513291	0.0737059
0.413143	0.513076	0.0737812
0.413276	0.512863	0.0738605
0.413399	0.512661	0.0739401
0.413504	0.512478	0.0740178
0.41359	0.512313	0.0740964
0.413662	0.512156	0.0741816
0.413723	0.512002	0.0742754
0.413771	0.511856	0.0743734
0.413807	0.511722	0.0744712
0.413839	0.511594	0.0745672
0.413876	0.511462	0.0746618
0.413921	0.511323	0.0747561
0.413976	0.511173	0.0748516
0.414036	0.511015	0.074949
0.414098	0.510854	0.0750481
0.414156	0.510696	0.0751476
0.414207	0.510547	0.0752461
0.414248	0.510408	0.0753435
0.414285	0.510274	0.0754413
0.414321	0.510139	0.0755405
0.414354	0.510006	0.0756392
0.414386	0.509878	0.075736
0.414421	0.509748	0.0758309
0.414453	0.509626	0.0759219
0.41447	0.509521	0.0760089
0.414476	0.509429	0.0760945
0.414475	0.509343	0.0761817
0.414461	0.509265	0.0762741
0.414428	0.5092	0.0763712
0.414373	0.50916	0.0764672
0.414304	0.509138	0.0765579
0.414239	0.50912	0.0766414
0.414174	0.509112	0.0767136
0.414099	0.509126	0.0767742
0.414013	0.50916	0.076827
0.413901	0.509226	0.0768724
0.41376	0.50933	0.0769094
0.413607	0.509452	0.0769413
0.413451	0.509577	0.076972
0.413301	0.509696	0.0770027
0.413172	0.509796	0.0770322
0.413063	0.509877	0.0770597
0.41296	0.509954	0.0770867
0.412854	0.510031	0.0771144
0.412752	0.510107	0.0771405
0.412648	0.510189	0.0771625
0.412532	0.510287	0.0771804
0.412402	0.510404	0.0771943
0.412263	0.510531	0.0772064
0.412121	0.51066	0.077219
0.411982	0.510787	0.0772314
0.411846	0.510914	0.0772405
0.411713	0.511042	0.077245
0.411583	0.511172	0.0772455
0.411441	0.511318	0.0772407
0.411271	0.5115	0.0772292
0.411073	0.511714	0.0772128
0.41086	0.511945	0.0771953
0.410643	0.512178	0.0771788
0.410427	0.512413	0.0771603
0.410217	0.512646	0.0771376
0.410013	0.512875	0.0771121
0.409811	0.513102	0.0770863
0.409617	0.513322	0.0770607
0.409444	0.513522	0.0770347
0.409303	0.513689	0.0770079
0.409191	0.513828	0.0769811
0.409091	0.513953	0.0769552
0.40899	0.51408	0.0769294
0.40888	0.514216	0.0769031
0.408762	0.51436	0.0768772
0.408638	0.51451	0.0768525
0.408507	0.514665	0.0768285
0.408373	0.514822	0.0768052
0.408239	0.514977	0.0767841
0.408107	0.515127	0.0767666
0.407979	0.515268	0.0767529
0.407862	0.515396	0.076742
0.407755	0.515511	0.0767333
0.407656	0.515618	0.0767261
0.407557	0.515723	0.0767206
0.407459	0.515825	0.0767165
0.407368	0.515919	0.0767136
0.407283	0.516004	0.0767129
0.4072	0.516084	0.0767162
0.407122	0.516154	0.0767237
0.407061	0.516205	0.0767341
0.40703	0.516225	0.0767447
0.407037	0.516211	0.0767524
0.40707	0.516174	0.0767563
0.407109	0.516135	0.0767565
0.407147	0.5161	0.0767532
0.407197	0.516056	0.0767469
0.40727	0.51599	0.0767395
0.40736	0.515907	0.0767328
0.407452	0.515821	0.076727
0.407543	0.515735	0.0767216
0.407644	0.515641	0.0767149
0.407757	0.515537	0.076706
0.407872	0.515431	0.0766969
0.407978	0.515331	0.076691
0.408074	0.515237	0.0766889
0.408161	0.51515	0.0766891
0.408234	0.515073	0.0766934
0.40829	0.515005	0.0767046
0.408335	0.514944	0.0767204
0.408377	0.514886	0.0767376
0.408415	0.514827	0.0767571
0.408459	0.514762	0.0767795
0.408517	0.51468	0.0768025
0.408599	0.514578	0.0768229
0.408708	0.514452	0.0768392
0.408853	0.514294	0.0768525
0.409029	0.514107	0.076864
0.409217	0.513909	0.0768747
0.409402	0.513713	0.076885
0.40959	0.513516	0.0768938
0.409791	0.51331	0.076899
0.410011	0.513089	0.0768998
0.410237	0.512866	0.0768963
0.410458	0.512653	0.0768894
0.410682	0.512438	0.0768802
0.41092	0.512211	0.0768685
0.411169	0.511977	0.0768546
0.411414	0.511747	0.07684
0.411643	0.511532	0.0768246
0.411839	0.511355	0.0768066
0.411985	0.511231	0.0767842
0.412094	0.511147	0.0767586
0.412193	0.511075	0.0767317
0.412294	0.511003	0.0767032
0.412397	0.51093	0.076673
0.412503	0.510855	0.0766418
0.412618	0.510774	0.0766084
0.412755	0.510673	0.0765719
0.412914	0.510553	0.0765329
0.413077	0.510432	0.0764915
0.413235	0.510318	0.0764464
0.413405	0.510199	0.076396
0.413595	0.510066	0.0763389
0.413799	0.509926	0.0762753
0.414007	0.509786	0.076207
0.41421	0.509654	0.0761358
0.414411	0.509526	0.0760634
0.414613	0.509395	0.0759913
0.414814	0.509266	0.07592
0.415004	0.509147	0.0758488
0.415182	0.509041	0.0757766
0.415352	0.508945	0.0757033
0.415518	0.508852	0.0756297
0.415679	0.508764	0.0755564
0.415836	0.508681	0.0754828
0.415989	0.508603	0.0754077
0.416136	0.508535	0.0753298
0.416278	0.508472	0.0752499
0.416423	0.508408	0.0751694
0.416568	0.508344	0.0750884
0.416707	0.508287	0.0750061
0.416835	0.508243	0.0749218
0.416954	0.508209	0.0748366
0.417071	0.508177	0.074752
0.417197	0.508135	0.074668
0.41734	0.508076	0.0745834
0.417508	0.507994	0.0744983
0.417696	0.50789	0.0744143
0.417899	0.507769	0.0743324
0.418111	0.507637	0.0742525
0.418324	0.507502	0.0741743
0.418533	0.507369	0.0740987
0.418741	0.507233	0.0740264
0.418961	0.507081	0.0739573
0.419204	0.506906	0.0738902
0.419464	0.506712	0.0738243
0.419721	0.506521	0.0737582
0.419962	0.506348	0.0736901
0.42019	0.506191	0.0736189
0.420404	0.506053	0.0735434
0.420589	0.505948	0.0734632
0.420748	0.505872	0.0733801
0.420901	0.505803	0.0732959
0.421059	0.505729	0.0732118
0.421221	0.505648	0.0731306
0.421376	0.505566	0.0730575
0.421518	0.505483	0.0729985
0.421644	0.505397	0.0729587
0.421756	0.505306	0.0729387
0.421856	0.505212	0.0729322
0.421954	0.505115	0.0729305
0.422056	0.505015	0.0729287
0.42216	0.504913	0.0729267
0.422261	0.504814	0.0729245
0.422359	0.504718	0.0729225
0.422454	0.504623	0.0729235
0.422542	0.504527	0.0729307
0.422622	0.504433	0.0729455
0.422692	0.50434	0.0729678
0.422762	0.504242	0.0729958
0.422842	0.504131	0.0730261
0.422937	0.504007	0.0730562
0.423045	0.503868	0.0730862
0.423165	0.503718	0.0731174
0.423286	0.503563	0.0731514
0.4234	0.503411	0.0731888
0.42351	0.503262	0.0732283
0.42362	0.503113	0.0732671
0.423741	0.502958	0.0733015
0.423879	0.502791	0.0733301
0.424036	0.502608	0.0733553
0.424204	0.502417	0.0733798
0.424374	0.502222	0.0734036
0.424546	0.502027	0.0734264
0.424717	0.501833	0.0734495
0.424885	0.501641	0.0734743
0.425053	0.501446	0.0735012
0.425217	0.501254	0.0735294
0.425361	0.501082	0.0735573
0.425481	0.500936	0.0735834
0.425586	0.500805	0.0736089
0.425684	0.500681	0.0736347
0.425777	0.500562	0.0736606
0.425872	0.500442	0.0736857
0.425973	0.500318	0.0737092
0.426081	0.500189	0.0737302
0.426196	0.500055	0.0737491
0.426314	0.499919	0.0737668
0.426426	0.49979	0.0737837
0.426526	0.499675	0.0737992
0.426603	0.499586	0.0738116
0.426648	0.499533	0.0738192
0.426671	0.499505	0.073824
0.426681	0.499492	0.0738269
0.426675	0.4995	0.0738249
0.426659	0.499524	0.0738171
0.426653	0.499541	0.0738058
0.426663	0.499544	0.0737933
0.426682	0.499538	0.0737807
0.426706	0.499526	0.0737675
0.426739	0.499508	0.0737524
0.42678	0.499485	0.0737349
0.426826	0.499457	0.073717
0.426875	0.499424	0.073701
0.426928	0.499386	0.073686
0.426986	0.499344	0.0736697
0.427048	0.499301	0.0736512
0.427111	0.499256	0.0736333
0.427173	0.499209	0.0736183
0.427236	0.499161	0.0736031
0.427302	0.499113	0.0735848
0.427367	0.499068	0.0735651
0.427427	0.499027	0.0735453
0.427484	0.498991	0.0735246
0.427534	0.498962	0.0735041
0.42757	0.498946	0.0734848
0.427597	0.498936	0.0734672
0.427621	0.498928	0.0734508
0.427634	0.498932	0.0734337
0.427629	0.498957	0.0734146
0.427611	0.498994	0.0733956
0.427583	0.499036	0.073381
0.427545	0.499082	0.0733734
0.427497	0.499131	0.0733718
0.427443	0.499184	0.073373
0.427383	0.499242	0.0733746
0.427325	0.499299	0.0733762
0.427271	0.499351	0.0733784
0.427223	0.499396	0.0733812
0.427181	0.499436	0.0733831
0.427139	0.499477	0.0733844
0.427101	0.499513	0.073386
0.427079	0.499534	0.0733868
0.427076	0.499538	0.0733853
0.427089	0.49953	0.0733816
0.427111	0.499513	0.073376
0.427137	0.499494	0.0733697
1	0	0
1	0	0
1	0	0
1	0	0
1	0	0
1	0	0
1	0	0
1	0	0
1	0	0
1	0	0
1	0	0
1	0	0
1	0	0
1	0	0
1	0	0
1	0	0
1	0	0
1	0	0
1	0	0
1	0	0
1	0	0
1	0	0
1	0	0
1	0	0
1	0	0
1	0	0
1	0	0
1	0	0
1	0	0
1	0	0
1	0	0
1	0	0
1	0	0
1	0	0
1	0	0
1	0	0
1	0	0
1	0	0
1	0	0
1	0	0
1	0	0
1	0	0
1	0	0
1	0	0
1	0	0
1	0	0
1	0	0
1	0	0
1	0	0
1	0	0
1	0	0
1	0	0
1	0	0
1	0	0
1	0	0
1	0	0
1	0	0
1	0	0
1	0	0
1	0	0
1	0	0
1	0	0
1	0	0
1	0	0
1	0	0
1	0	0
0.999999	0	8.37E-07
0.999181	0	0.000819191
0.998355	0	0.00164533
0.997509	0	0.00249122
0.996653	0	0.00334744
0.995813	0	0.00418726
0.995016	0	0.00498427
0.994274	0	0.00572623
0.993587	0	0.00641345
0.992941	0	0.00705893
0.992313	0	0.00768736
0.991694	0	0.00830622
0.991096	0	0.00890392
0.990513	0	0.00948696
0.989912	0	0.0100878
0.989265	0	0.0107353
0.988583	0	0.0114165
0.987917	0	0.0120831
0.987292	0	0.012708
0.986683	0	0.0133174
0.986036	0	0.0139642
0.985316	0	0.014684
0.984526	0	0.0154738
0.983707	0	0.0162928
0.982901	0	0.0170994
0.982103	0	0.0178972
0.98127	0	0.0187299
0.980346	0	0.0196537
0.979306	0	0.0206939
0.97819	0	0.0218102
0.977068	0	0.0229321
0.97598	0	0.0240197
0.974919	0	0.0250813
0.973859	0	0.0261411
0.972803	0	0.0271972
0.971772	0	0.0282277
0.970777	0	0.029223
0.969197	0.000639754	0.0301637
0.963704	0.00535807	0.0309384
0.957406	0.0109539	0.0316399
0.950478	0.0172483	0.032274
0.943431	0.0237126	0.0328569
0.936647	0.0299463	0.0334063
0.930203	0.0358657	0.0339315
0.924003	0.0415656	0.0344312
0.917976	0.0471138	0.0349101
0.91216	0.0524472	0.035393
0.90658	0.0575327	0.0358872
0.901176	0.0624571	0.0363672
0.89594	0.0672489	0.0368115
0.890963	0.0718202	0.0372172
0.886299	0.0761139	0.0375868
0.881939	0.0801369	0.0379238
0.877803	0.0839628	0.0382338
0.873744	0.087742	0.0385143
0.869737	0.0915008	0.0387619
0.865889	0.095125	0.0389856
0.862209	0.0985935	0.0391977
0.85864	0.101963	0.0393979
0.855189	0.10523	0.0395807
0.851879	0.108374	0.0397467
0.848702	0.111401	0.0398964
0.845677	0.114296	0.040027
0.842818	0.117046	0.0401358
0.840047	0.119738	0.0402146
0.837285	0.122463	0.0402517
0.834575	0.125176	0.0402494
0.832004	0.127774	0.0402229
0.829576	0.130234	0.0401893
0.827226	0.132615	0.0401589
0.824911	0.134959	0.0401295
0.822683	0.137224	0.0400932
0.820583	0.139366	0.0400515
0.818515	0.141462	0.0400238
0.816324	0.143649	0.0400273
0.813907	0.14605	0.0400433
0.811287	0.14866	0.0400523
0.808625	0.151296	0.0400783
0.806035	0.153824	0.0401412
0.803474	0.156302	0.0402242
0.800847	0.158853	0.0402997
0.798168	0.161484	0.040348
0.795589	0.164045	0.0403666
0.793221	0.166405	0.0403733
0.791026	0.168584	0.04039
0.78894	0.170633	0.0404272
0.786949	0.172556	0.0404951
0.784991	0.174397	0.0406116
0.782956	0.17626	0.0407834
0.780813	0.178194	0.0409927
0.778657	0.180136	0.0412076
0.776604	0.181986	0.0414103
0.774669	0.183721	0.0416099
0.772822	0.185359	0.0418186
0.771066	0.186896	0.0420379
0.769416	0.188323	0.0422609
0.767865	0.189663	0.0424725
0.766414	0.190922	0.0426644
0.765082	0.192074	0.0428436
0.763846	0.193127	0.043027
0.762656	0.194113	0.0432314
0.761483	0.195055	0.0434612
0.760285	0.196007	0.0437079
0.759028	0.197013	0.0439591
0.757734	0.198062	0.044204
0.756458	0.199108	0.044434
0.755188	0.200172	0.0446403
0.753768	0.201406	0.0448258
0.75207	0.202928	0.0450015
0.750217	0.204609	0.045174
0.748386	0.206272	0.0453425
0.746576	0.207919	0.0455045
0.744775	0.209562	0.0456623
0.743022	0.211166	0.0458119
0.74132	0.212733	0.0459472
0.73967	0.21426	0.0460699
0.738072	0.215746	0.0461821
0.736522	0.217195	0.0462833
0.735051	0.218574	0.0463755
0.733707	0.219835	0.0464585
0.732527	0.220953	0.0465199
0.731536	0.221916	0.0465484
0.73071	0.222743	0.046547
0.729919	0.22355	0.0465306
0.728986	0.224494	0.0465202
0.727886	0.22559	0.0465241
0.726741	0.226725	0.0465339
0.725655	0.227803	0.0465418
0.724634	0.228823	0.0465434
0.723637	0.229828	0.0465346
0.722657	0.230827	0.0465157
0.721693	0.231819	0.0464878
0.72074	0.232812	0.0464488
0.719791	0.233807	0.0464019
0.718854	0.234788	0.0463579
0.717963	0.235712	0.0463254
0.717146	0.236552	0.0463021
0.716401	0.237321	0.0462778
0.715723	0.238031	0.0462457
0.715116	0.238679	0.0462043
0.714562	0.239288	0.0461493
0.714014	0.239902	0.0460832
0.71344	0.240544	0.0460164
0.712817	0.241226	0.0459569
0.712129	0.241956	0.0459153
0.711393	0.24271	0.045897
0.71065	0.243455	0.0458951
0.709906	0.244193	0.0459011
0.709148	0.244947	0.0459056
0.708375	0.245724	0.0459007
0.707581	0.246533	0.0458865
0.706754	0.247377	0.0458692
0.705918	0.24823	0.0458515
0.705102	0.249069	0.0458289
0.704319	0.249889	0.0457925
0.703587	0.250681	0.0457324
0.702904	0.251448	0.0456477
0.70228	0.252176	0.0455443
0.70175	0.252828	0.0454223
0.701298	0.253418	0.0452842
0.700855	0.253996	0.0451486
0.700402	0.254559	0.0450393
0.69996	0.255082	0.0449584
0.699493	0.255622	0.0448849
0.698967	0.256233	0.0448001
0.698433	0.256865	0.0447017
0.697927	0.257473	0.0445999
0.697433	0.258064	0.044503
0.696988	0.258606	0.0444059
0.696655	0.259047	0.0442979
0.696434	0.25939	0.0441754
0.696293	0.259665	0.0440414
0.696211	0.259889	0.0438999
0.696104	0.260134	0.0437621
0.695839	0.260506	0.0436549
0.695401	0.260993	0.0436057
0.694893	0.261494	0.0436128
0.694381	0.261972	0.0436463
0.693874	0.262438	0.0436875
0.693351	0.262916	0.0437331
0.69272	0.26351	0.0437701
0.691863	0.264351	0.0437854
0.690801	0.265417	0.0437815
0.689675	0.266565	0.0437594
0.688537	0.267749	0.0437132
0.687361	0.268995	0.0436446
0.686189	0.270254	0.043557
0.685092	0.271458	0.0434498
0.684089	0.272582	0.0433292
0.683163	0.273629	0.0432079
0.682301	0.274603	0.0430962
0.681502	0.275503	0.042995
0.680782	0.276313	0.0429042
0.680164	0.277006	0.0428296
0.679652	0.277576	0.0427713
0.679191	0.27809	0.0427192
0.678704	0.278636	0.0426603
0.678191	0.279218	0.0425912
0.677675	0.279807	0.042518
0.677126	0.280437	0.0424377
0.676547	0.281114	0.0423387
0.675991	0.281794	0.0422151
0.675474	0.282459	0.0420672
0.674961	0.283141	0.041898
0.674449	0.283836	0.0417146
0.673984	0.284493	0.041523
0.673602	0.285074	0.0413243
0.673312	0.285571	0.0411178
0.673104	0.285989	0.0409064
0.672979	0.28632	0.0407005
0.672933	0.28656	0.0405068
0.672933	0.286748	0.0403188
0.672945	0.286927	0.0401275
0.672959	0.287108	0.0399328
0.672982	0.287279	0.0397395
0.673014	0.287437	0.0395497
0.673047	0.287592	0.0393614
0.673072	0.287755	0.0391725
0.673112	0.287907	0.038981
0.673214	0.288002	0.038784
0.673381	0.288039	0.0385799
0.673577	0.288054	0.0383688
0.673768	0.28808	0.0381524
0.673949	0.288114	0.0379365
0.674137	0.288136	0.0377273
0.674327	0.288152	0.0375205
0.674535	0.288158	0.0373077
0.674807	0.288105	0.0370881
0.675191	0.287947	0.0368618
0.675686	0.287684	0.0366304
0.676247	0.287357	0.0363962
0.676839	0.287002	0.0361587
0.677443	0.286634	0.0359228
0.678065	0.286241	0.0356945
0.678723	0.285803	0.0354734
0.679424	0.285316	0.0352601
0.68016	0.284784	0.0350554
0.680928	0.284215	0.0348569
0.681722	0.283617	0.0346616
0.682543	0.282988	0.0344685
0.683383	0.282332	0.034285
0.684206	0.281674	0.0341197
0.684991	0.28104	0.0339686
0.685762	0.280416	0.0338218
0.686541	0.279785	0.033674
0.687343	0.279133	0.0335239
0.68816	0.278464	0.0333757
0.688959	0.277797	0.0332439
0.689714	0.277149	0.0331374
0.690426	0.276522	0.0330521
0.691113	0.275905	0.0329821
0.691785	0.275294	0.032921
0.692455	0.274685	0.0328595
0.693139	0.274068	0.0327929
0.693837	0.273439	0.0327239
0.694549	0.272793	0.0326573
0.695282	0.272118	0.0325999
0.696014	0.271421	0.0325646
0.696716	0.270724	0.0325605
0.697382	0.270042	0.0325763
0.698	0.269407	0.0325928
0.698574	0.268821	0.0326044
0.699144	0.268243	0.0326128
0.699731	0.26765	0.0326185
0.70034	0.267038	0.032622
0.700968	0.266399	0.0326331
0.701607	0.265723	0.03267
0.702239	0.265019	0.0327416
0.702856	0.264299	0.0328452
0.703464	0.263556	0.0329802
0.704068	0.262784	0.033148
0.704664	0.261997	0.0333386
0.705259	0.261207	0.033534
0.705871	0.260406	0.0337234
0.706509	0.259587	0.033904
0.707153	0.258775	0.0340722
0.707768	0.258008	0.034224
0.708325	0.257314	0.0343609
0.708796	0.256718	0.0344864
0.709198	0.256199	0.0346027
0.709576	0.255712	0.0347116
0.709948	0.25524	0.0348127
0.710325	0.25477	0.0349049
0.710739	0.25427	0.0349908
0.711197	0.25373	0.0350729
0.711673	0.253178	0.0351489
0.712154	0.252631	0.0352148
0.712652	0.252078	0.0352695
0.713144	0.25154	0.0353156
0.713566	0.251074	0.0353606
0.713911	0.250674	0.0354155
0.714234	0.250281	0.0354849
0.714582	0.249854	0.035564
0.714972	0.249381	0.0356476
0.715381	0.248887	0.0357329
0.715753	0.248432	0.0358152
0.71607	0.248042	0.0358885
0.716386	0.247662	0.0359519
0.716765	0.247227	0.036008
0.717212	0.246729	0.0360595
0.71767	0.246216	0.0361134
0.718083	0.245749	0.0361678
0.718414	0.245375	0.0362111
0.718655	0.245105	0.0362393
0.718851	0.244888	0.0362608
0.719033	0.24468	0.0362863
0.719166	0.244519	0.0363151
0.719203	0.244459	0.0363381
0.719158	0.244493	0.0363489
0.719085	0.244572	0.0363432
0.719037	0.24464	0.0363229
0.719034	0.244672	0.0362947
0.719054	0.244685	0.036261
0.719084	0.244693	0.0362236
0.719149	0.244668	0.0361828
0.719282	0.244584	0.036134
0.719452	0.244477	0.036071
0.719607	0.244406	0.0359868
0.719735	0.244382	0.0358828
0.719867	0.244364	0.0357692
0.720038	0.244308	0.0356548
0.720264	0.244193	0.0355432
0.720556	0.24401	0.0354338
0.720907	0.243762	0.0353311
0.721304	0.24345	0.0352457
0.72174	0.243077	0.0351832
0.722213	0.24265	0.0351373
0.722705	0.242199	0.035096
0.723173	0.241775	0.0350519
0.723596	0.2414	0.0350036
0.723998	0.241048	0.0349539
0.724411	0.24068	0.0349094
0.724831	0.240297	0.0348724
0.725212	0.239952	0.0348366
0.72552	0.239681	0.0347985
0.725756	0.239486	0.0347583
0.725923	0.239363	0.0347138
0.726033	0.239305	0.034662
0.726115	0.239281	0.0346037
0.726201	0.23926	0.0345388
0.726317	0.239216	0.0344672
0.726458	0.239146	0.0343955
0.726609	0.239063	0.0343284
0.726765	0.238966	0.0342694
0.726933	0.238841	0.0342267
0.727106	0.238693	0.0342006
0.727272	0.238545	0.034183
0.727443	0.23839	0.0341668
0.727648	0.238203	0.0341492
0.727893	0.237976	0.0341311
0.728166	0.237721	0.0341131
0.728442	0.237462	0.0340954
0.7287	0.237219	0.0340811
0.728942	0.236985	0.0340734
0.72919	0.236739	0.034071
0.729463	0.236469	0.0340682
0.729763	0.236175	0.0340616
0.730075	0.235872	0.0340524
0.730389	0.235569	0.0340422
0.730716	0.235255	0.0340298
0.731066	0.23492	0.0340138
0.731442	0.234561	0.0339975
0.73184	0.234173	0.0339869
0.732242	0.233776	0.0339815
0.73263	0.233395	0.0339747
0.73301	0.233024	0.0339666
0.733396	0.232643	0.0339609
0.733791	0.232256	0.0339537
0.734183	0.231878	0.0339388
0.734569	0.231515	0.0339164
0.734959	0.231152	0.0338896
0.735366	0.230777	0.0338578
0.735792	0.230389	0.0338187
0.736238	0.229988	0.0337736
0.736718	0.229557	0.0337256
0.737233	0.22909	0.0336771
0.737761	0.228609	0.0336297
0.738276	0.228138	0.0335864
0.738761	0.227689	0.0335509
0.739209	0.227262	0.0335291
0.739633	0.22684	0.0335266
0.740032	0.226427	0.0335413
0.740418	0.226017	0.033565
0.740809	0.225602	0.033589
0.741181	0.225207	0.033612
0.741501	0.224855	0.0336441
0.741776	0.224524	0.0336996
0.742045	0.22417	0.0337848
0.742347	0.223758	0.0338951
0.74269	0.223293	0.034017
0.74304	0.222821	0.034139
0.743349	0.222395	0.034256
0.743598	0.222039	0.0343631
0.743815	0.221726	0.034459
0.744028	0.221427	0.0345447
0.744234	0.221146	0.0346204
0.744439	0.220869	0.0346927
0.744674	0.220554	0.0347717
0.744951	0.220193	0.0348559
0.745249	0.219815	0.034936
0.745562	0.219427	0.0350114
0.745897	0.219014	0.0350894
0.746249	0.218576	0.0351742
0.746609	0.218125	0.0352659
0.74698	0.217656	0.0353637
0.747357	0.217172	0.0354712
0.747721	0.216685	0.0355937
0.748077	0.216196	0.035727
0.74842	0.215723	0.0358565
0.748734	0.215292	0.0359741
0.749021	0.214895	0.0360836
0.749295	0.214515	0.0361906
0.74956	0.214142	0.0362983
0.749821	0.21377	0.0364087
0.750077	0.213397	0.0365257
0.750347	0.213002	0.0366509
0.750667	0.212557	0.0367758
0.751026	0.212082	0.0368923
0.751376	0.211621	0.0370024
0.751692	0.211202	0.037106
0.751982	0.210822	0.037196
0.75228	0.210452	0.0372689
0.752597	0.210073	0.03733
0.752924	0.209692	0.0373847
0.753265	0.209303	0.0374326
0.753654	0.208877	0.0374688
0.754097	0.208411	0.0374914
0.754602	0.207894	0.0375042
0.755195	0.207297	0.0375082
0.755875	0.206626	0.0374989
0.756631	0.205892	0.0374774
0.75741	0.205138	0.0374525
0.758143	0.204427	0.0374302
0.758847	0.203742	0.0374108
0.293386	0.574322	0.132292
0.293344	0.574336	0.13232
0.293296	0.574356	0.132348
0.29324	0.574384	0.132376
0.293176	0.574419	0.132406
0.293104	0.574456	0.13244
0.293027	0.574498	0.132475
0.29294	0.574552	0.132507
0.292843	0.574621	0.132536
0.292742	0.574693	0.132565
0.292647	0.574759	0.132594
0.292557	0.574819	0.132624
0.29247	0.574875	0.132654
0.292384	0.574932	0.132684
0.292305	0.574982	0.132713
0.292236	0.575024	0.132741
0.292172	0.575058	0.13277
0.292108	0.575088	0.132804
0.292046	0.575111	0.132842
0.291983	0.575134	0.132883
0.291916	0.575156	0.132928
